x <- c(1, 2, 3)
x
y <- x + c(4, 3, 2)
y
z <- x * c(10, 100, 1000)
z
a <- x / c(2, 4, 6)
a

x <- c(1, 20, 300, 4000)
'x'; x
x[c(1,2)]; x[c(2, 3)];x[c(1,2,3)]; x[c(1,2, 3, 4)]